20 7 920
11 16 794
4 6 483
20 18 773
12 15 220
5 10 235
13 15 745
6 5 305
13 9 442
20 13 266
10 8 727
19 10 213
1 16 308
20 11 434
15 14 588
13 7 817
14 3 84
11 14 535
13 18 609
14 9 701
2 15 271
8 18 308
3 7 819
5 3 537
19 3 754
13 18 913
20 17 892
5 14 865
7 3 844
18 9 636
2 10 901
19 5 503
15 16 485
6 1 742
2 6 796
16 10 221
19 20 394
5 18 304
18 19 682
14 7 417
14 11 629
13 6 879
2 9 755
10 15 895
3 8 959
4 5 791
10 2 830
3 4 411
5 13 732
14 12 785
11 19 616
20 3 382
3 2 216
6 3 186
13 20 177
19 20 830
2 17 464
4 17 632
17 4 563
1 5 161
10 13 444
7 2 836
9 14 113
11 6 606
12 2 189
14 7 781
10 17 412
8 12 697
3 17 318
2 20 590
16 11 329
2 9 442
3 17 61
2 12 690
1 10 768
16 10 600
8 17 685
20 5 774
14 8 878
13 5 552
17 9 408
5 4 745
2 19 692
1 18 498
15 3 53
17 2 92
16 3 620
1 17 264
5 20 584
13 9 238
18 10 332
19 20 818
10 1 217
6 1 687
16 3 173
5 3 353
17 20 536
12 7 413
8 18 678
18 2 391
5 19 436
2 16 67
3 15 939
19 14 778
16 12 785
7 5 627
17 7 851
16 12 613
13 1 492
2 13 842
15 14 635
3 18 228
16 4 919
2 7 254
12 14 236
7 6 88
16 8 814
16 7 747
15 6 722
1 19 943
16 18 887
6 18 325
6 8 782
1 2 151
10 19 427
16 1 196
2 6 202
13 14 703
10 6 549
13 18 696
11 10 172
4 9 237
14 18 505
4 20 500
15 18 306
10 6 50
11 8 849
10 6 198
5 3 965
6 13 284
19 16 707
3 10 837
18 16 170
3 8 742
12 20 985
8 19 370
13 9 87
5 11 609
10 20 792
8 13 455
15 20 547
20 18 848
10 3 927
1 15 452
16 18 664
10 2 554
13 18 264
16 11 818
18 8 582
2 13 806
5 18 439
5 14 502
4 13 87
8 13 190
6 7 671
18 19 620
20 3 472
2 4 116
6 7 814
4 20 418
14 6 833
19 2 363
20 1 988
14 15 714
14 12 169
3 11 995
10 14 344
1 10 794
11 20 173
9 2 296
17 6 914
3 19 282
2 3 586
18 19 235
1 10 244
14 8 771
20 17 67
9 10 74
13 4 454
14 3 148
11 7 258
11 20 368
2 17 322
9 15 843
12 7 754
7 9 62
5 15 333
15 7 332
10 1 216
3 15 305
4 15 64
14 7 730
1 2 682
8 17 753
3 17 198
12 20 518
4 12 479
8 20 159
19 14 817
18 8 993
