1 1 0
1 2 1 2 419
1 3 1 20 10 3 470
1 4 1 4 503
1 5 1 20 10 5 327
1 6 1 2 6 560
1 7 1 7 119
1 8 1 20 10 9 15 8 530
1 9 1 20 10 9 316
1 10 1 20 10 258
1 11 1 20 11 311
1 12 1 20 12 298
1 13 1 20 10 13 521
1 14 1 20 14 355
1 15 1 20 10 9 15 399
1 16 1 20 10 5 16 397
1 17 1 7 17 301
1 18 1 20 10 9 18 387
1 19 1 20 10 9 18 19 460
1 20 1 20 185
2 1 2 1 419
2 2 0
2 3 2 3 284
2 4 2 8 4 589
2 5 2 5 287
2 6 2 6 141
2 7 2 17 7 395
2 8 2 8 444
2 9 2 10 9 277
2 10 2 10 219
2 11 2 10 11 301
2 12 2 12 170
2 13 2 13 174
2 14 2 14 437
2 15 2 10 9 15 360
2 16 2 5 16 357
2 17 2 17 213
2 18 2 10 9 18 348
2 19 2 10 9 18 19 421
2 20 2 12 20 283
3 1 3 10 20 1 470
3 2 3 2 284
3 3 0
3 4 3 15 8 4 421
3 5 3 10 5 281
3 6 3 2 6 425
3 7 3 17 7 360
3 8 3 15 8 276
3 9 3 15 9 228
3 10 3 10 212
3 11 3 10 11 294
3 12 3 15 12 340
3 13 3 15 13 373
3 14 3 10 20 14 455
3 15 3 15 145
3 16 3 10 5 16 351
3 17 3 17 178
3 18 3 15 18 285
3 19 3 15 19 255
3 20 3 10 20 285
4 1 4 1 503
4 2 4 8 2 589
4 3 4 8 15 3 421
4 4 0
4 5 4 8 15 9 10 5 486
4 6 4 8 2 6 730
4 7 4 7 532
4 8 4 8 145
4 9 4 8 15 9 359
4 10 4 8 15 9 10 417
4 11 4 8 15 9 10 11 499
4 12 4 8 12 431
4 13 4 8 15 13 504
4 14 4 8 15 9 10 20 14 660
4 15 4 8 15 276
4 16 4 8 15 9 10 5 16 556
4 17 4 17 379
4 18 4 18 402
4 19 4 8 19 374
4 20 4 8 15 9 10 20 490
5 1 5 10 20 1 327
5 2 5 2 287
5 3 5 10 3 281
5 4 5 10 9 15 8 4 486
5 5 0
5 6 5 2 6 428
5 7 5 12 7 348
5 8 5 10 9 15 8 341
5 9 5 10 9 127
5 10 5 10 69
5 11 5 10 11 151
5 12 5 12 117
5 13 5 10 13 332
5 14 5 10 20 14 312
5 15 5 10 9 15 210
5 16 5 16 70
5 17 5 10 17 253
5 18 5 10 9 18 198
5 19 5 19 177
5 20 5 10 20 142
6 1 6 2 1 560
6 2 6 2 141
6 3 6 2 3 425
6 4 6 2 8 4 730
6 5 6 2 5 428
6 6 0
6 7 6 2 17 7 536
6 8 6 2 8 585
6 9 6 2 10 9 418
6 10 6 2 10 360
6 11 6 2 10 11 442
6 12 6 2 12 311
6 13 6 2 13 315
6 14 6 2 14 578
6 15 6 2 10 9 15 501
6 16 6 16 498
6 17 6 2 17 354
6 18 6 2 10 9 18 489
6 19 6 2 10 9 18 19 562
6 20 6 2 12 20 424
7 1 7 1 119
7 2 7 17 2 395
7 3 7 17 3 360
7 4 7 4 532
7 5 7 12 5 348
7 6 7 17 2 6 536
7 7 0
7 8 7 15 8 438
7 9 7 12 9 383
7 10 7 17 10 366
7 11 7 11 286
7 12 7 12 231
7 13 7 13 525
7 14 7 1 20 14 474
7 15 7 15 307
7 16 7 12 5 16 418
7 17 7 17 182
7 18 7 15 18 447
7 19 7 19 396
7 20 7 1 20 304
8 1 8 15 9 10 20 1 530
8 2 8 2 444
8 3 8 15 3 276
8 4 8 4 145
8 5 8 15 9 10 5 341
8 6 8 2 6 585
8 7 8 15 7 438
8 8 0
8 9 8 15 9 214
8 10 8 15 9 10 272
8 11 8 15 9 10 11 354
8 12 8 12 286
8 13 8 15 13 359
8 14 8 15 9 10 20 14 515
8 15 8 15 131
8 16 8 15 9 10 5 16 411
8 17 8 19 17 452
8 18 8 15 18 271
8 19 8 19 229
8 20 8 15 9 10 20 345
9 1 9 10 20 1 316
9 2 9 10 2 277
9 3 9 15 3 228
9 4 9 15 8 4 359
9 5 9 10 5 127
9 6 9 10 2 6 418
9 7 9 12 7 383
9 8 9 15 8 214
9 9 0
9 10 9 10 58
9 11 9 10 11 140
9 12 9 12 152
9 13 9 15 13 311
9 14 9 10 20 14 301
9 15 9 15 83
9 16 9 10 5 16 197
9 17 9 10 17 242
9 18 9 18 71
9 19 9 18 19 144
9 20 9 10 20 131
10 1 10 20 1 258
10 2 10 2 219
10 3 10 3 212
10 4 10 9 15 8 4 417
10 5 10 5 69
10 6 10 2 6 360
10 7 10 17 7 366
10 8 10 9 15 8 272
10 9 10 9 58
10 10 0
10 11 10 11 82
10 12 10 5 12 186
10 13 10 13 263
10 14 10 20 14 243
10 15 10 9 15 141
10 16 10 5 16 139
10 17 10 17 184
10 18 10 9 18 129
10 19 10 9 18 19 202
10 20 10 20 73
11 1 11 20 1 311
11 2 11 10 2 301
11 3 11 10 3 294
11 4 11 10 9 15 8 4 499
11 5 11 10 5 151
11 6 11 10 2 6 442
11 7 11 7 286
11 8 11 10 9 15 8 354
11 9 11 10 9 140
11 10 11 10 82
11 11 0
11 12 11 12 227
11 13 11 10 13 345
11 14 11 20 14 296
11 15 11 10 9 15 223
11 16 11 10 5 16 221
11 17 11 10 17 266
11 18 11 10 9 18 211
11 19 11 10 9 18 19 284
11 20 11 20 126
12 1 12 20 1 298
12 2 12 2 170
12 3 12 15 3 340
12 4 12 8 4 431
12 5 12 5 117
12 6 12 2 6 311
12 7 12 7 231
12 8 12 8 286
12 9 12 9 152
12 10 12 5 10 186
12 11 12 11 227
12 12 0
12 13 12 2 13 344
12 14 12 20 14 283
12 15 12 15 195
12 16 12 5 16 187
12 17 12 17 204
12 18 12 9 18 223
12 19 12 5 19 294
12 20 12 20 113
13 1 13 10 20 1 521
13 2 13 2 174
13 3 13 15 3 373
13 4 13 15 8 4 504
13 5 13 10 5 332
13 6 13 2 6 315
13 7 13 7 525
13 8 13 15 8 359
13 9 13 15 9 311
13 10 13 10 263
13 11 13 10 11 345
13 12 13 2 12 344
13 13 0
13 14 13 10 20 14 506
13 15 13 15 228
13 16 13 10 5 16 402
13 17 13 2 17 387
13 18 13 18 244
13 19 13 18 19 317
13 20 13 10 20 336
14 1 14 20 1 355
14 2 14 2 437
14 3 14 20 10 3 455
14 4 14 20 10 9 15 8 4 660
14 5 14 20 10 5 312
14 6 14 2 6 578
14 7 14 20 1 7 474
14 8 14 20 10 9 15 8 515
14 9 14 20 10 9 301
14 10 14 20 10 243
14 11 14 20 11 296
14 12 14 20 12 283
14 13 14 20 10 13 506
14 14 0
14 15 14 20 10 9 15 384
14 16 14 20 10 5 16 382
14 17 14 20 10 17 427
14 18 14 20 10 9 18 372
14 19 14 20 10 9 18 19 445
14 20 14 20 170
15 1 15 9 10 20 1 399
15 2 15 9 10 2 360
15 3 15 3 145
15 4 15 8 4 276
15 5 15 9 10 5 210
15 6 15 9 10 2 6 501
15 7 15 7 307
15 8 15 8 131
15 9 15 9 83
15 10 15 9 10 141
15 11 15 9 10 11 223
15 12 15 12 195
15 13 15 13 228
15 14 15 9 10 20 14 384
15 15 0
15 16 15 9 10 5 16 280
15 17 15 3 17 323
15 18 15 18 140
15 19 15 19 110
15 20 15 9 10 20 214
16 1 16 5 10 20 1 397
16 2 16 5 2 357
16 3 16 5 10 3 351
16 4 16 5 10 9 15 8 4 556
16 5 16 5 70
16 6 16 6 498
16 7 16 5 12 7 418
16 8 16 5 10 9 15 8 411
16 9 16 5 10 9 197
16 10 16 5 10 139
16 11 16 5 10 11 221
16 12 16 5 12 187
16 13 16 5 10 13 402
16 14 16 5 10 20 14 382
16 15 16 5 10 9 15 280
16 16 0
16 17 16 5 10 17 323
16 18 16 5 10 9 18 268
16 19 16 5 19 247
16 20 16 5 10 20 212
17 1 17 7 1 301
17 2 17 2 213
17 3 17 3 178
17 4 17 4 379
17 5 17 10 5 253
17 6 17 2 6 354
17 7 17 7 182
17 8 17 19 8 452
17 9 17 10 9 242
17 10 17 10 184
17 11 17 10 11 266
17 12 17 12 204
17 13 17 2 13 387
17 14 17 10 20 14 427
17 15 17 3 15 323
17 16 17 10 5 16 323
17 17 0
17 18 17 19 18 296
17 19 17 19 223
17 20 17 10 20 257
18 1 18 9 10 20 1 387
18 2 18 9 10 2 348
18 3 18 15 3 285
18 4 18 4 402
18 5 18 9 10 5 198
18 6 18 9 10 2 6 489
18 7 18 15 7 447
18 8 18 15 8 271
18 9 18 9 71
18 10 18 9 10 129
18 11 18 9 10 11 211
18 12 18 9 12 223
18 13 18 13 244
18 14 18 9 10 20 14 372
18 15 18 15 140
18 16 18 9 10 5 16 268
18 17 18 19 17 296
18 18 0
18 19 18 19 73
18 20 18 9 10 20 202
19 1 19 18 9 10 20 1 460
19 2 19 18 9 10 2 421
19 3 19 15 3 255
19 4 19 8 4 374
19 5 19 5 177
19 6 19 18 9 10 2 6 562
19 7 19 7 396
19 8 19 8 229
19 9 19 18 9 144
19 10 19 18 9 10 202
19 11 19 18 9 10 11 284
19 12 19 5 12 294
19 13 19 18 13 317
19 14 19 18 9 10 20 14 445
19 15 19 15 110
19 16 19 5 16 247
19 17 19 17 223
19 18 19 18 73
19 19 0
19 20 19 18 9 10 20 275
20 1 20 1 185
20 2 20 12 2 283
20 3 20 10 3 285
20 4 20 10 9 15 8 4 490
20 5 20 10 5 142
20 6 20 12 2 6 424
20 7 20 1 7 304
20 8 20 10 9 15 8 345
20 9 20 10 9 131
20 10 20 10 73
20 11 20 11 126
20 12 20 12 113
20 13 20 10 13 336
20 14 20 14 170
20 15 20 10 9 15 214
20 16 20 10 5 16 212
20 17 20 10 17 257
20 18 20 10 9 18 202
20 19 20 10 9 18 19 275
20 20 0
