13 15 228
13 14 607
4 1 689
3 17 962
18 13 244
12 7 231
7 13 709
15 12 195
2 13 174
1 14 965
15 16 505
9 11 962
7 17 182
4 3 927
9 4 765
9 10 219
3 19 660
15 19 110
13 3 902
5 9 783
7 1 119
7 17 416
4 1 715
1 16 850
4 17 379
3 10 828
18 17 669
17 10 184
19 8 906
16 20 809
18 11 636
19 8 229
2 14 437
5 17 362
2 8 444
12 3 854
8 20 946
20 17 337
1 16 971
8 12 286
5 10 69
20 6 772
1 17 308
13 8 482
9 18 71
6 18 659
18 19 512
15 19 651
4 10 473
2 12 170
18 8 487
3 17 562
9 7 706
15 5 219
11 9 853
8 19 556
7 4 532
14 9 386
10 11 511
1 20 185
18 4 402
1 9 890
11 10 144
13 10 263
15 7 940
18 8 911
4 17 908
12 8 871
11 13 449
9 4 629
4 10 645
7 6 848
16 10 891
11 10 498
3 2 761
8 4 807
11 7 921
9 12 499
20 10 890
14 13 700
19 5 177
9 11 167
17 19 531
11 9 165
15 19 161
4 11 562
4 8 176
10 12 846
12 7 787
20 12 113
10 2 219
15 17 513
11 4 897
18 13 842
15 14 461
2 5 287
12 6 667
19 18 73
19 7 396
1 7 903
13 18 397
3 20 560
6 9 834
17 9 819
2 15 770
15 19 603
8 12 956
9 12 152
8 3 776
10 9 343
11 20 126
2 19 894
19 5 525
1 18 499
16 14 893
1 14 695
17 16 397
5 16 70
15 4 987
3 13 571
17 19 223
19 20 327
9 10 58
15 17 615
14 6 690
16 6 498
2 11 532
15 3 145
2 20 939
14 12 492
10 3 212
9 10 451
13 6 361
12 16 764
1 6 963
7 16 921
18 13 758
14 20 170
11 10 82
12 11 227
13 16 670
5 13 757
4 1 534
11 12 468
13 8 807
5 18 495
10 20 361
1 4 503
2 1 419
16 15 420
15 7 307
16 20 252
12 17 204
3 12 542
14 2 760
3 12 426
11 12 604
17 3 178
9 15 193
3 20 786
5 12 117
18 20 563
11 19 790
10 11 619
18 12 277
2 3 736
5 11 347
13 18 405
13 8 929
16 2 717
10 20 73
11 17 667
18 7 903
1 14 454
3 8 370
3 13 576
20 19 343
2 17 213
15 18 140
2 12 292
15 8 131
4 17 844
8 4 334
9 13 547
9 1 918
11 7 286
8 2 797
13 17 589
15 9 658
18 9 852
10 5 79
10 16 643
3 2 284
15 4 705
11 9 163
1 7 851
4 5 596
4 8 145
15 18 322
3 6 948
13 7 525
15 9 83
14 18 557
10 6 527
14 17 648
2 6 141
10 12 954
17 5 521
15 19 481
3 13 653
