1 1 0
1 2 1 2 151
1 3 1 2 17 3 304
1 4 1 2 4 267
1 5 1 5 161
1 6 1 10 6 266
1 7 1 10 9 7 352
1 8 1 2 17 20 8 469
1 9 1 10 9 290
1 10 1 10 216
1 11 1 10 11 388
1 12 1 2 12 340
1 13 1 2 4 13 354
1 14 1 2 17 3 14 388
1 15 1 2 4 15 331
1 16 1 16 196
1 17 1 2 17 243
1 18 1 16 18 366
1 19 1 10 19 429
1 20 1 2 17 20 310
2 1 2 1 151
2 2 0
2 3 2 17 3 153
2 4 2 4 116
2 5 2 1 5 312
2 6 2 6 202
2 7 2 7 254
2 8 2 17 20 8 318
2 9 2 4 13 9 290
2 10 2 6 10 252
2 11 2 17 20 11 332
2 12 2 12 189
2 13 2 4 13 203
2 14 2 17 3 14 237
2 15 2 4 15 180
2 16 2 16 67
2 17 2 17 92
2 18 2 16 18 237
2 19 2 19 363
2 20 2 17 20 159
3 1 3 17 2 1 304
3 2 3 17 2 153
3 3 0
3 4 3 15 4 117
3 5 3 5 353
3 6 3 6 186
3 7 3 14 9 7 259
3 8 3 17 20 8 287
3 9 3 14 9 197
3 10 3 6 10 236
3 11 3 17 20 11 301
3 12 3 14 12 253
3 13 3 15 4 13 204
3 14 3 14 84
3 15 3 15 53
3 16 3 16 173
3 17 3 17 61
3 18 3 18 228
3 19 3 19 282
3 20 3 17 20 128
4 1 4 2 1 267
4 2 4 2 116
4 3 4 15 3 117
4 4 0
4 5 4 15 5 397
4 6 4 13 9 10 6 298
4 7 4 13 9 7 236
4 8 4 13 8 277
4 9 4 13 9 174
4 10 4 13 9 10 248
4 11 4 15 3 17 20 11 418
4 12 4 15 12 284
4 13 4 13 87
4 14 4 15 3 14 201
4 15 4 15 64
4 16 4 2 16 183
4 17 4 15 3 17 178
4 18 4 15 3 18 345
4 19 4 15 3 19 399
4 20 4 15 3 17 20 245
5 1 5 1 161
5 2 5 1 2 312
5 3 5 3 353
5 4 5 15 4 397
5 5 0
5 6 5 10 6 285
5 7 5 10 9 7 371
5 8 5 10 9 13 8 586
5 9 5 10 9 309
5 10 5 10 235
5 11 5 10 11 407
5 12 5 1 2 12 501
5 13 5 10 9 13 396
5 14 5 10 9 14 422
5 15 5 15 333
5 16 5 1 16 357
5 17 5 1 2 17 404
5 18 5 18 304
5 19 5 19 436
5 20 5 1 2 17 20 471
6 1 6 10 1 266
6 2 6 2 202
6 3 6 3 186
6 4 6 10 9 13 4 298
6 5 6 10 5 285
6 6 0
6 7 6 7 88
6 8 6 10 9 13 8 401
6 9 6 10 9 124
6 10 6 10 50
6 11 6 10 11 222
6 12 6 2 12 391
6 13 6 10 9 13 211
6 14 6 10 9 14 237
6 15 6 3 15 239
6 16 6 2 16 269
6 17 6 3 17 247
6 18 6 18 325
6 19 6 10 19 263
6 20 6 3 17 20 314
7 1 7 9 10 1 352
7 2 7 2 254
7 3 7 9 14 3 259
7 4 7 9 13 4 236
7 5 7 9 10 5 371
7 6 7 6 88
7 7 0
7 8 7 9 13 8 339
7 9 7 9 62
7 10 7 9 10 136
7 11 7 11 258
7 12 7 9 14 12 344
7 13 7 9 13 149
7 14 7 9 14 175
7 15 7 9 13 4 15 300
7 16 7 2 16 321
7 17 7 9 14 3 17 320
7 18 7 6 18 413
7 19 7 9 10 19 349
7 20 7 9 13 20 326
8 1 8 20 17 2 1 469
8 2 8 20 17 2 318
8 3 8 20 17 3 287
8 4 8 13 4 277
8 5 8 13 9 10 5 586
8 6 8 13 9 10 6 401
8 7 8 13 9 7 339
8 8 0
8 9 8 13 9 277
8 10 8 13 9 10 351
8 11 8 20 11 332
8 12 8 20 17 2 12 507
8 13 8 13 190
8 14 8 20 17 3 14 371
8 15 8 20 17 3 15 340
8 16 8 20 17 2 16 385
8 17 8 20 17 226
8 18 8 18 308
8 19 8 19 370
8 20 8 20 159
9 1 9 10 1 290
9 2 9 13 4 2 290
9 3 9 14 3 197
9 4 9 13 4 174
9 5 9 10 5 309
9 6 9 10 6 124
9 7 9 7 62
9 8 9 13 8 277
9 9 0
9 10 9 10 74
9 11 9 10 11 246
9 12 9 14 12 282
9 13 9 13 87
9 14 9 14 113
9 15 9 13 4 15 238
9 16 9 10 16 295
9 17 9 14 3 17 258
9 18 9 13 18 351
9 19 9 10 19 287
9 20 9 13 20 264
10 1 10 1 216
10 2 10 6 2 252
10 3 10 6 3 236
10 4 10 9 13 4 248
10 5 10 5 235
10 6 10 6 50
10 7 10 9 7 136
10 8 10 9 13 8 351
10 9 10 9 74
10 10 0
10 11 10 11 172
10 12 10 9 14 12 356
10 13 10 9 13 161
10 14 10 9 14 187
10 15 10 6 3 15 289
10 16 10 16 221
10 17 10 6 3 17 297
10 18 10 18 332
10 19 10 19 213
10 20 10 9 13 20 338
11 1 11 10 1 388
11 2 11 20 17 2 332
11 3 11 20 17 3 301
11 4 11 20 17 3 15 4 418
11 5 11 10 5 407
11 6 11 10 6 222
11 7 11 7 258
11 8 11 20 8 332
11 9 11 10 9 246
11 10 11 10 172
11 11 0
11 12 11 20 17 2 12 521
11 13 11 10 9 13 333
11 14 11 10 9 14 359
11 15 11 20 17 3 15 354
11 16 11 16 329
11 17 11 20 17 240
11 18 11 16 18 499
11 19 11 10 19 385
11 20 11 20 173
12 1 12 2 1 340
12 2 12 2 189
12 3 12 14 3 253
12 4 12 15 4 284
12 5 12 2 1 5 501
12 6 12 2 6 391
12 7 12 14 9 7 344
12 8 12 2 17 20 8 507
12 9 12 14 9 282
12 10 12 14 9 10 356
12 11 12 2 17 20 11 521
12 12 0
12 13 12 14 9 13 369
12 14 12 14 169
12 15 12 15 220
12 16 12 2 16 256
12 17 12 2 17 281
12 18 12 2 16 18 426
12 19 12 14 3 19 535
12 20 12 2 17 20 348
13 1 13 4 2 1 354
13 2 13 4 2 203
13 3 13 4 15 3 204
13 4 13 4 87
13 5 13 9 10 5 396
13 6 13 9 10 6 211
13 7 13 9 7 149
13 8 13 8 190
13 9 13 9 87
13 10 13 9 10 161
13 11 13 9 10 11 333
13 12 13 9 14 12 369
13 13 0
13 14 13 9 14 200
13 15 13 4 15 151
13 16 13 4 2 16 270
13 17 13 20 17 244
13 18 13 18 264
13 19 13 9 10 19 374
13 20 13 20 177
14 1 14 3 17 2 1 388
14 2 14 3 17 2 237
14 3 14 3 84
14 4 14 3 15 4 201
14 5 14 9 10 5 422
14 6 14 9 10 6 237
14 7 14 9 7 175
14 8 14 3 17 20 8 371
14 9 14 9 113
14 10 14 9 10 187
14 11 14 9 10 11 359
14 12 14 12 169
14 13 14 9 13 200
14 14 0
14 15 14 3 15 137
14 16 14 3 16 257
14 17 14 3 17 145
14 18 14 3 18 312
14 19 14 3 19 366
14 20 14 3 17 20 212
15 1 15 4 2 1 331
15 2 15 4 2 180
15 3 15 3 53
15 4 15 4 64
15 5 15 5 333
15 6 15 3 6 239
15 7 15 4 13 9 7 300
15 8 15 3 17 20 8 340
15 9 15 4 13 9 238
15 10 15 3 6 10 289
15 11 15 3 17 20 11 354
15 12 15 12 220
15 13 15 4 13 151
15 14 15 3 14 137
15 15 0
15 16 15 3 16 226
15 17 15 3 17 114
15 18 15 3 18 281
15 19 15 3 19 335
15 20 15 3 17 20 181
16 1 16 1 196
16 2 16 2 67
16 3 16 3 173
16 4 16 2 4 183
16 5 16 1 5 357
16 6 16 2 6 269
16 7 16 2 7 321
16 8 16 2 17 20 8 385
16 9 16 10 9 295
16 10 16 10 221
16 11 16 11 329
16 12 16 2 12 256
16 13 16 2 4 13 270
16 14 16 3 14 257
16 15 16 3 15 226
16 16 0
16 17 16 2 17 159
16 18 16 18 170
16 19 16 18 19 405
16 20 16 2 17 20 226
17 1 17 2 1 243
17 2 17 2 92
17 3 17 3 61
17 4 17 3 15 4 178
17 5 17 2 1 5 404
17 6 17 3 6 247
17 7 17 3 14 9 7 320
17 8 17 20 8 226
17 9 17 3 14 9 258
17 10 17 3 6 10 297
17 11 17 20 11 240
17 12 17 2 12 281
17 13 17 20 13 244
17 14 17 3 14 145
17 15 17 3 15 114
17 16 17 2 16 159
17 17 0
17 18 17 3 18 289
17 19 17 3 19 343
17 20 17 20 67
18 1 18 16 1 366
18 2 18 16 2 237
18 3 18 3 228
18 4 18 3 15 4 345
18 5 18 5 304
18 6 18 6 325
18 7 18 6 7 413
18 8 18 8 308
18 9 18 13 9 351
18 10 18 10 332
18 11 18 16 11 499
18 12 18 16 2 12 426
18 13 18 13 264
18 14 18 3 14 312
18 15 18 3 15 281
18 16 18 16 170
18 17 18 3 17 289
18 18 0
18 19 18 19 235
18 20 18 3 17 20 356
19 1 19 10 1 429
19 2 19 2 363
19 3 19 3 282
19 4 19 3 15 4 399
19 5 19 5 436
19 6 19 10 6 263
19 7 19 10 9 7 349
19 8 19 8 370
19 9 19 10 9 287
19 10 19 10 213
19 11 19 10 11 385
19 12 19 3 14 12 535
19 13 19 10 9 13 374
19 14 19 3 14 366
19 15 19 3 15 335
19 16 19 18 16 405
19 17 19 3 17 343
19 18 19 18 235
19 19 0
19 20 19 20 394
20 1 20 17 2 1 310
20 2 20 17 2 159
20 3 20 17 3 128
20 4 20 17 3 15 4 245
20 5 20 17 2 1 5 471
20 6 20 17 3 6 314
20 7 20 13 9 7 326
20 8 20 8 159
20 9 20 13 9 264
20 10 20 13 9 10 338
20 11 20 11 173
20 12 20 17 2 12 348
20 13 20 13 177
20 14 20 17 3 14 212
20 15 20 17 3 15 181
20 16 20 17 2 16 226
20 17 20 17 67
20 18 20 17 3 18 356
20 19 20 19 394
20 20 0
