8 18 811
13 7 516
5 8 142
7 1 2508
6 1 866
15 2 2169
19 3 1953
14 8 1440
15 11 1738
12 7 681
4 20 1414
6 9 211
14 11 612
7 10 288
6 2 1760
7 13 1836
19 17 1290
5 14 136
4 5 809
12 7 2553
19 1 692
16 4 445
2 4 64
5 14 782
15 9 466
7 16 87
14 18 2523
6 19 2454
1 20 153
9 4 275
8 3 935
20 16 1569
18 8 2058
18 7 1911
3 17 1654
20 17 89
2 16 544
17 16 1122
1 9 232
2 20 412
11 19 432
4 11 230
10 11 594
13 15 2256
17 10 1452
12 3 111
18 2 814
15 8 662
18 1 2469
17 5 1838
9 15 1044
19 3 232
5 14 830
1 12 168
20 9 779
14 1 246
17 20 966
12 20 1053
2 19 2214
8 18 1034
8 2 2418
6 12 738
14 17 840
19 11 730
16 20 2004
10 19 638
3 4 466
15 10 285
14 19 80
7 9 2466
7 20 88
7 11 204
4 19 2172
14 20 980
16 2 166
18 9 623
10 11 1176
3 5 356
14 20 1296
13 3 1050
4 13 786
3 4 1539
4 17 126
12 7 2709
2 7 1230
7 11 633
12 14 2478
19 18 1572
3 10 365
10 9 124
15 11 711
6 18 648
10 8 1942
2 13 1557
17 2 1035
17 4 533
3 6 1359
16 7 1976
16 12 1140
16 8 73
19 2 617
12 19 1500
2 4 2685
12 4 1866
16 5 717
8 16 915
10 12 566
8 12 2508
3 10 1214
20 4 2247
6 13 922
6 18 1572
6 14 789
15 10 1390
1 4 460
14 8 2733
9 1 1980
4 9 202
19 13 688
11 3 2253
2 3 60
10 4 1212
9 10 1132
4 14 656
5 19 2523
13 15 1898
13 15 2916
16 5 465
4 11 837
16 13 485
15 9 1932
7 6 2922
2 15 1641
3 14 2748
2 12 2790
5 2 1948
5 4 974
16 4 2751
17 9 1011
15 11 359
8 4 2313
2 19 645
10 2 231
4 16 882
1 14 114
10 6 606
2 6 1512
3 16 1404
8 6 1314
5 16 620
8 20 1977
12 20 2385
5 16 632
3 17 1102
12 20 2724
9 13 603
19 8 356
1 5 429
4 18 299
12 11 537
2 11 510
17 16 1362
5 2 810
11 18 60
3 13 1350
13 2 1881
5 17 982
6 12 1942
20 3 782
7 12 181
9 8 200
10 17 1430
15 1 640
20 18 840
15 1 634
4 7 912
15 6 748
11 7 648
20 17 500
7 1 578
5 19 722
13 10 414
8 16 438
10 20 114
11 19 2958
1 16 738
4 16 597
19 16 80
19 8 631
3 18 840
9 7 1254
12 18 745
2 3 2433
10 3 2151
15 4 864
2 14 182
17 7 498
9 19 470
4 19 996
2 9 916
1 9 2886
10 2 792
11 1 1324
18 13 1212
8 6 344
1 6 519
2 20 659
20 12 1340
11 12 824
12 8 1912
