8 7 779
11 12 243
6 5 427
8 1 743
19 15 124
20 3 631
17 12 338
8 17 817
15 20 774
7 3 97
16 17 740
12 2 154
8 11 141
5 14 513
20 4 769
7 14 252
19 1 353
4 12 283
12 8 447
10 9 690
9 18 919
18 2 418
10 18 579
1 9 783
5 1 882
17 13 513
15 7 975
9 15 406
18 19 59
18 12 587
15 5 298
12 13 406
16 20 541
9 14 57
13 3 142
11 12 523
11 2 515
2 11 476
6 8 130
14 16 137
1 12 507
7 19 854
6 18 814
4 16 921
20 19 967
2 3 934
2 20 493
19 1 425
4 12 121
5 10 172
6 2 263
19 12 916
5 16 668
5 16 637
11 4 739
6 3 195
11 3 586
7 11 137
16 1 350
13 14 744
13 4 364
17 16 181
5 19 792
4 19 672
4 17 825
16 4 184
11 20 562
13 3 983
14 2 136
4 11 435
5 8 890
1 9 449
15 14 777
12 2 938
6 7 562
13 11 742
12 9 301
8 9 322
18 15 109
5 15 771
6 1 71
13 10 330
10 14 883
10 1 179
7 14 700
6 19 321
9 15 547
15 2 691
19 20 308
14 20 822
7 19 817
14 2 433
1 12 968
19 13 924
2 4 555
9 14 50
10 1 350
15 14 692
2 4 903
9 16 695
18 20 229
14 20 971
14 18 792
2 5 426
13 12 629
6 5 198
12 19 202
4 20 550
2 6 637
18 5 564
18 14 448
9 3 827
15 7 732
20 15 449
4 3 508
6 18 561
19 12 167
1 17 161
7 15 570
17 1 555
5 10 779
4 19 550
9 4 1000
11 12 910
5 18 458
6 3 470
12 15 166
18 10 518
12 11 485
19 20 120
9 11 1000
19 9 783
8 14 908
3 20 455
5 9 599
6 17 657
10 20 185
14 11 511
12 18 491
4 8 726
6 8 841
10 8 686
7 1 891
5 14 677
14 1 933
15 8 924
19 6 151
11 19 643
19 6 757
19 5 692
18 13 102
20 18 894
13 18 945
16 14 538
15 13 902
17 5 422
12 2 354
8 1 838
7 10 983
3 4 265
19 4 700
12 15 452
16 9 983
16 2 839
15 3 81
5 17 612
19 4 836
8 1 186
4 10 207
2 1 527
11 9 476
11 14 63
1 3 67
11 8 427
15 6 479
3 6 913
16 8 526
18 2 628
4 19 310
7 8 963
2 4 172
13 15 852
16 10 368
20 17 733
8 5 465
19 15 735
18 1 882
9 5 391
19 15 565
4 15 324
4 12 944
5 13 300
14 7 384
4 5 839
6 4 589
1 15 950
17 15 497
9 14 132
17 6 710
14 8 744
12 19 661
17 8 868
19 13 898
10 9 704
16 4 841
13 7 166
18 2 221
20 5 889
10 7 459
19 13 153
