15 19 273
20 1 820
12 1 793
11 5 128
13 1 312
4 9 401
4 2 806
10 5 763
20 6 95
10 15 843
8 15 124
18 16 319
16 10 332
13 16 216
16 9 469
2 13 950
6 12 84
2 15 343
15 1 85
2 15 977
14 10 520
19 6 193
18 12 782
12 9 538
4 2 655
12 8 983
4 1 565
10 3 565
1 3 621
20 17 284
9 16 583
13 11 355
1 18 56
16 17 83
18 3 209
4 11 259
16 10 928
18 14 61
12 4 806
19 4 939
6 12 665
18 7 432
10 18 678
7 16 956
8 12 288
10 14 202
8 13 768
2 7 731
2 12 668
4 7 889
2 13 347
6 17 930
17 1 236
11 7 907
2 6 415
2 1 871
17 19 304
7 1 840
12 17 584
11 4 151
18 12 996
8 4 159
9 15 243
12 10 482
19 6 417
6 4 743
3 18 353
9 10 244
6 17 776
6 4 498
6 18 810
2 14 360
15 17 908
6 16 505
9 10 388
18 10 985
13 8 870
15 13 931
9 19 471
7 3 671
12 19 235
11 15 112
15 5 904
19 12 621
7 6 326
15 10 846
1 12 707
1 17 902
9 8 569
18 10 244
1 20 597
17 8 233
5 2 448
14 11 447
3 11 502
14 3 543
12 18 626
3 20 87
8 9 917
8 5 492
12 6 650
6 19 137
7 8 923
18 4 675
13 8 314
1 3 634
13 17 271
12 16 369
8 5 548
8 3 666
5 6 148
7 1 775
4 2 234
8 7 990
3 19 544
15 4 582
20 15 854
20 11 698
6 1 728
2 12 573
18 8 390
9 18 320
2 5 160
14 17 684
12 20 386
14 15 226
7 11 500
12 4 394
1 17 279
3 13 872
4 13 208
14 11 743
6 15 873
12 15 80
13 19 694
16 18 778
19 8 364
14 8 58
11 19 65
15 9 390
15 12 853
3 2 712
4 13 368
15 6 71
1 11 574
6 20 546
5 12 844
10 9 927
6 5 447
8 2 440
8 12 107
8 5 919
20 7 579
7 3 853
16 15 112
4 19 407
7 14 922
2 8 678
4 10 289
7 3 507
12 5 589
19 15 449
18 16 640
3 19 285
4 15 429
3 12 497
5 7 569
13 6 745
17 6 967
2 17 386
10 8 932
14 9 686
2 14 126
2 4 573
15 1 837
11 2 264
5 17 593
1 12 933
4 6 269
4 9 533
13 9 463
2 20 634
11 7 501
2 4 74
12 5 472
4 3 627
12 17 440
16 3 953
7 19 144
14 8 535
15 13 706
12 20 440
1 16 136
4 19 301
2 5 679
3 4 716
2 11 850
10 12 350
7 19 278
11 19 129
11 16 252
2 1 278
4 13 530
17 3 207
14 8 716
11 2 507
14 3 844
5 12 412
15 17 292
19 6 811