18 5 949
2 10 436
5 19 2388
5 12 430
2 1 372
15 14 63
15 8 192
4 18 194
5 1 2232
18 6 1242
19 18 283
10 15 1572
10 17 532
16 13 422
7 2 438
9 8 822
7 10 626
6 18 588
16 12 686
1 9 1544
4 10 2178
3 18 134
16 7 516
8 5 2496
18 16 416
14 4 266
11 2 574
11 7 440
1 17 680
7 12 706
14 9 364
16 13 801
15 13 523
8 9 514
19 11 2403
13 11 1600
18 4 816
1 8 1984
14 5 402
11 10 1602
6 8 507
1 17 359
17 4 2757
3 5 1062
6 9 612
16 10 440
8 3 574
5 7 1032
17 18 248
3 19 1598
12 6 654
14 1 1770
20 16 844
3 11 2355
14 18 138
19 15 1212
18 17 746
7 11 434
18 10 550
11 3 742
6 18 900
6 5 990
7 5 1758
7 10 884
12 11 1029
18 17 1944
8 13 1318
3 12 1662
1 8 125
10 3 125
10 15 1932
6 3 256
20 3 1098
6 4 1238
2 9 786
4 6 929
6 16 882
18 4 615
6 15 1906
1 9 588
15 1 224
11 12 2628
7 18 1122
18 12 987
2 19 104
16 2 1068
5 3 1896
14 16 609
17 2 159
7 16 2580
14 18 2508
8 2 1874
2 6 374
11 15 580
11 18 2334
2 15 929
10 8 928
11 6 1550
13 1 572
3 6 1004
13 14 926
4 11 2859
3 6 654
5 8 910
17 20 504
19 7 984
7 15 648
19 3 456
2 4 1888
9 20 1642
16 17 1386
7 19 472
19 17 1425
19 14 1791
3 17 2877
12 13 659
5 17 1917
5 20 291
12 8 2286
11 18 61
10 8 211
4 5 2775
19 5 663
12 14 1760
17 4 392
14 5 998
4 19 208
2 18 886
5 4 880
3 5 867
8 16 804
14 3 106
8 14 2607
10 18 1944
8 9 2154
16 4 222
8 14 591
18 9 1902
18 7 1114
12 4 503
3 2 270
8 14 1036
13 4 674
2 10 54
15 19 1290
11 20 1420
19 18 210
18 14 955
16 5 1288
10 1 1874
12 11 85
8 2 546
1 16 865
20 2 1728
14 2 1245
13 9 2301
14 3 2097
16 6 632
4 15 206
17 7 170
5 2 2427
13 3 1592
16 15 1278
12 18 903
1 18 1044
1 2 1596
15 10 2901
5 15 860
17 2 1028
20 12 939
6 20 1656
7 18 1242
20 19 474
9 13 708
14 15 1224
11 8 171
10 2 1446
3 8 2970
5 9 783
18 17 166
2 9 1269
6 7 171
12 2 804
4 13 288
13 14 590
13 11 861
1 18 1569
9 10 2259
20 8 842
16 12 867
12 16 1380
3 4 2547
15 13 109
18 14 291
11 19 1266
2 19 1410
19 4 2721
11 10 92
12 15 500
18 14 820
16 8 1556
12 18 452
2 4 916
11 5 1500
4 17 2031
15 5 232
10 15 262
4 13 638
7 13 57
7 18 1676
