1 1 0
1 2 1 6 2 334
1 3 1 3 67
1 4 1 3 4 332
1 5 1 6 5 269
1 6 1 6 71
1 7 1 3 7 164
1 8 1 8 186
1 9 1 3 7 11 14 9 414
1 10 1 10 179
1 11 1 3 7 11 301
1 12 1 3 15 12 314
1 13 1 3 13 209
1 14 1 3 7 11 14 364
1 15 1 3 15 148
1 16 1 17 16 342
1 17 1 17 161
1 18 1 3 15 18 257
1 19 1 6 19 222
1 20 1 6 19 20 342
2 1 2 6 1 334
2 2 0
2 3 2 6 1 3 401
2 4 2 4 172
2 5 2 5 426
2 6 2 6 263
2 7 2 14 11 7 336
2 8 2 14 11 8 340
2 9 2 14 9 186
2 10 2 4 10 379
2 11 2 14 11 199
2 12 2 12 154
2 13 2 18 13 323
2 14 2 14 136
2 15 2 12 15 320
2 16 2 14 16 273
2 17 2 14 16 17 454
2 18 2 18 221
2 19 2 18 19 280
2 20 2 18 19 20 400
3 1 3 1 67
3 2 3 1 6 2 401
3 3 0
3 4 3 4 265
3 5 3 1 6 5 336
3 6 3 1 6 138
3 7 3 7 97
3 8 3 1 8 253
3 9 3 7 11 14 9 347
3 10 3 1 10 246
3 11 3 7 11 234
3 12 3 15 12 247
3 13 3 13 142
3 14 3 7 11 14 297
3 15 3 15 81
3 16 3 1 17 16 409
3 17 3 1 17 228
3 18 3 15 18 190
3 19 3 15 19 205
3 20 3 15 19 20 325
4 1 4 3 1 332
4 2 4 2 172
4 3 4 3 265
4 4 0
4 5 4 10 5 379
4 6 4 3 1 6 403
4 7 4 3 7 362
4 8 4 12 11 8 505
4 9 4 2 14 9 358
4 10 4 10 207
4 11 4 12 11 364
4 12 4 12 121
4 13 4 13 364
4 14 4 2 14 308
4 15 4 12 15 287
4 16 4 16 184
4 17 4 16 17 365
4 18 4 12 19 18 347
4 19 4 12 19 288
4 20 4 10 20 392
5 1 5 6 1 269
5 2 5 2 426
5 3 5 6 1 3 336
5 4 5 10 4 379
5 5 0
5 6 5 6 198
5 7 5 6 1 3 7 433
5 8 5 6 8 328
5 9 5 9 391
5 10 5 10 172
5 11 5 6 8 11 469
5 12 5 15 12 464
5 13 5 13 300
5 14 5 9 14 441
5 15 5 15 298
5 16 5 10 16 540
5 17 5 17 422
5 18 5 13 18 402
5 19 5 6 19 349
5 20 5 10 20 357
6 1 6 1 71
6 2 6 2 263
6 3 6 1 3 138
6 4 6 1 3 4 403
6 5 6 5 198
6 6 0
6 7 6 1 3 7 235
6 8 6 8 130
6 9 6 8 11 14 9 384
6 10 6 1 10 250
6 11 6 8 11 271
6 12 6 19 12 318
6 13 6 1 3 13 280
6 14 6 8 11 14 334
6 15 6 1 3 15 219
6 16 6 1 17 16 413
6 17 6 1 17 232
6 18 6 19 18 210
6 19 6 19 151
6 20 6 19 20 271
7 1 7 3 1 164
7 2 7 11 14 2 336
7 3 7 3 97
7 4 7 3 4 362
7 5 7 3 1 6 5 433
7 6 7 3 1 6 235
7 7 0
7 8 7 11 8 278
7 9 7 11 14 9 250
7 10 7 3 1 10 343
7 11 7 11 137
7 12 7 3 15 12 344
7 13 7 13 166
7 14 7 11 14 200
7 15 7 3 15 178
7 16 7 11 14 16 337
7 17 7 3 1 17 325
7 18 7 13 18 268
7 19 7 3 15 19 302
7 20 7 3 15 19 20 422
8 1 8 1 186
8 2 8 11 14 2 340
8 3 8 1 3 253
8 4 8 11 12 4 505
8 5 8 6 5 328
8 6 8 6 130
8 7 8 11 7 278
8 8 0
8 9 8 11 14 9 254
8 10 8 1 10 365
8 11 8 11 141
8 12 8 11 12 384
8 13 8 1 3 13 395
8 14 8 11 14 204
8 15 8 1 3 15 334
8 16 8 11 14 16 341
8 17 8 1 17 347
8 18 8 6 19 18 340
8 19 8 6 19 281
8 20 8 6 19 20 401
9 1 9 14 11 7 3 1 414
9 2 9 14 2 186
9 3 9 14 11 7 3 347
9 4 9 14 2 4 358
9 5 9 5 391
9 6 9 14 11 8 6 384
9 7 9 14 11 7 250
9 8 9 14 11 8 254
9 9 0
9 10 9 14 16 10 555
9 11 9 14 11 113
9 12 9 12 301
9 13 9 14 11 7 13 416
9 14 9 14 50
9 15 9 15 406
9 16 9 14 16 187
9 17 9 14 16 17 368
9 18 9 14 2 18 407
9 19 9 14 2 18 19 466
9 20 9 14 2 18 19 20 586
10 1 10 1 179
10 2 10 4 2 379
10 3 10 1 3 246
10 4 10 4 207
10 5 10 5 172
10 6 10 1 6 250
10 7 10 1 3 7 343
10 8 10 1 8 365
10 9 10 16 14 9 555
10 10 0
10 11 10 1 3 7 11 480
10 12 10 4 12 328
10 13 10 13 330
10 14 10 16 14 505
10 15 10 1 3 15 327
10 16 10 16 368
10 17 10 1 17 340
10 18 10 20 19 18 364
10 19 10 20 19 305
10 20 10 20 185
11 1 11 7 3 1 301
11 2 11 14 2 199
11 3 11 7 3 234
11 4 11 12 4 364
11 5 11 8 6 5 469
11 6 11 8 6 271
11 7 11 7 137
11 8 11 8 141
11 9 11 14 9 113
11 10 11 7 3 1 10 480
11 11 0
11 12 11 12 243
11 13 11 7 13 303
11 14 11 14 63
11 15 11 7 3 15 315
11 16 11 14 16 200
11 17 11 14 16 17 381
11 18 11 7 13 18 405
11 19 11 12 19 410
11 20 11 12 19 20 530
12 1 12 15 3 1 314
12 2 12 2 154
12 3 12 15 3 247
12 4 12 4 121
12 5 12 15 5 464
12 6 12 19 6 318
12 7 12 15 3 7 344
12 8 12 11 8 384
12 9 12 9 301
12 10 12 4 10 328
12 11 12 11 243
12 12 0
12 13 12 19 13 320
12 14 12 2 14 290
12 15 12 15 166
12 16 12 4 16 305
12 17 12 17 338
12 18 12 19 18 226
12 19 12 19 167
12 20 12 19 20 287
13 1 13 3 1 209
13 2 13 18 2 323
13 3 13 3 142
13 4 13 4 364
13 5 13 5 300
13 6 13 3 1 6 280
13 7 13 7 166
13 8 13 3 1 8 395
13 9 13 7 11 14 9 416
13 10 13 10 330
13 11 13 7 11 303
13 12 13 19 12 320
13 13 0
13 14 13 7 11 14 366
13 15 13 18 15 211
13 16 13 7 11 14 16 503
13 17 13 3 1 17 370
13 18 13 18 102
13 19 13 19 153
13 20 13 19 20 273
14 1 14 11 7 3 1 364
14 2 14 2 136
14 3 14 11 7 3 297
14 4 14 2 4 308
14 5 14 9 5 441
14 6 14 11 8 6 334
14 7 14 11 7 200
14 8 14 11 8 204
14 9 14 9 50
14 10 14 16 10 505
14 11 14 11 63
14 12 14 2 12 290
14 13 14 11 7 13 366
14 14 0
14 15 14 11 7 3 15 378
14 16 14 16 137
14 17 14 16 17 318
14 18 14 2 18 357
14 19 14 2 18 19 416
14 20 14 2 18 19 20 536
15 1 15 3 1 148
15 2 15 12 2 320
15 3 15 3 81
15 4 15 12 4 287
15 5 15 5 298
15 6 15 3 1 6 219
15 7 15 3 7 178
15 8 15 3 1 8 334
15 9 15 9 406
15 10 15 3 1 10 327
15 11 15 3 7 11 315
15 12 15 12 166
15 13 15 18 13 211
15 14 15 3 7 11 14 378
15 15 0
15 16 15 12 4 16 471
15 17 15 3 1 17 309
15 18 15 18 109
15 19 15 19 124
15 20 15 19 20 244
16 1 16 17 1 342
16 2 16 14 2 273
16 3 16 17 1 3 409
16 4 16 4 184
16 5 16 10 5 540
16 6 16 17 1 6 413
16 7 16 14 11 7 337
16 8 16 14 11 8 341
16 9 16 14 9 187
16 10 16 10 368
16 11 16 14 11 200
16 12 16 4 12 305
16 13 16 14 11 7 13 503
16 14 16 14 137
16 15 16 4 12 15 471
16 16 0
16 17 16 17 181
16 18 16 14 2 18 494
16 19 16 4 12 19 472
16 20 16 20 541
17 1 17 1 161
17 2 17 16 14 2 454
17 3 17 1 3 228
17 4 17 16 4 365
17 5 17 5 422
17 6 17 1 6 232
17 7 17 1 3 7 325
17 8 17 1 8 347
17 9 17 16 14 9 368
17 10 17 1 10 340
17 11 17 16 14 11 381
17 12 17 12 338
17 13 17 1 3 13 370
17 14 17 16 14 318
17 15 17 1 3 15 309
17 16 17 16 181
17 17 0
17 18 17 1 3 15 18 418
17 19 17 1 6 19 383
17 20 17 1 6 19 20 503
18 1 18 15 3 1 257
18 2 18 2 221
18 3 18 15 3 190
18 4 18 19 12 4 347
18 5 18 13 5 402
18 6 18 19 6 210
18 7 18 13 7 268
18 8 18 19 6 8 340
18 9 18 2 14 9 407
18 10 18 19 20 10 364
18 11 18 13 7 11 405
18 12 18 19 12 226
18 13 18 13 102
18 14 18 2 14 357
18 15 18 15 109
18 16 18 2 14 16 494
18 17 18 15 3 1 17 418
18 18 0
18 19 18 19 59
18 20 18 19 20 179
19 1 19 6 1 222
19 2 19 18 2 280
19 3 19 15 3 205
19 4 19 12 4 288
19 5 19 6 5 349
19 6 19 6 151
19 7 19 15 3 7 302
19 8 19 6 8 281
19 9 19 18 2 14 9 466
19 10 19 20 10 305
19 11 19 12 11 410
19 12 19 12 167
19 13 19 13 153
19 14 19 18 2 14 416
19 15 19 15 124
19 16 19 12 4 16 472
19 17 19 6 1 17 383
19 18 19 18 59
19 19 0
19 20 19 20 120
20 1 20 19 6 1 342
20 2 20 19 18 2 400
20 3 20 19 15 3 325
20 4 20 10 4 392
20 5 20 10 5 357
20 6 20 19 6 271
20 7 20 19 15 3 7 422
20 8 20 19 6 8 401
20 9 20 19 18 2 14 9 586
20 10 20 10 185
20 11 20 19 12 11 530
20 12 20 19 12 287
20 13 20 19 13 273
20 14 20 19 18 2 14 536
20 15 20 19 15 244
20 16 20 16 541
20 17 20 19 6 1 17 503
20 18 20 19 18 179
20 19 20 19 120
20 20 0
