1 1 0
1 2 1 14 2 296
1 3 1 12 3 279
1 4 1 14 2 4 360
1 5 1 14 5 250
1 6 1 9 6 443
1 7 1 20 7 241
1 8 1 14 19 16 8 347
1 9 1 9 232
1 10 1 20 10 267
1 11 1 20 7 11 445
1 12 1 12 168
1 13 1 20 10 13 681
1 14 1 14 114
1 15 1 20 10 15 552
1 16 1 14 19 16 274
1 17 1 20 17 242
1 18 1 20 7 11 18 505
1 19 1 14 19 194
1 20 1 20 153
2 1 2 14 1 296
2 2 0
2 3 2 3 60
2 4 2 4 64
2 5 2 14 5 318
2 6 2 4 9 6 477
2 7 2 16 7 253
2 8 2 16 8 239
2 9 2 4 9 266
2 10 2 10 231
2 11 2 4 11 294
2 12 2 3 12 171
2 13 2 10 13 645
2 14 2 14 182
2 15 2 10 15 516
2 16 2 16 166
2 17 2 4 17 190
2 18 2 4 11 18 354
2 19 2 16 19 246
2 20 2 4 17 20 279
3 1 3 12 1 279
3 2 3 2 60
3 3 0
3 4 3 2 4 124
3 5 3 5 356
3 6 3 2 4 9 6 537
3 7 3 12 7 292
3 8 3 2 16 8 299
3 9 3 2 4 9 326
3 10 3 2 10 291
3 11 3 2 4 11 354
3 12 3 12 111
3 13 3 2 10 13 705
3 14 3 2 14 242
3 15 3 2 10 15 576
3 16 3 2 16 226
3 17 3 2 4 17 250
3 18 3 2 4 11 18 414
3 19 3 19 232
3 20 3 2 4 17 20 339
4 1 4 2 14 1 360
4 2 4 2 64
4 3 4 2 3 124
4 4 0
4 5 4 2 14 5 382
4 6 4 9 6 413
4 7 4 17 20 7 303
4 8 4 2 16 8 303
4 9 4 9 202
4 10 4 2 10 295
4 11 4 11 230
4 12 4 2 3 12 235
4 13 4 2 10 13 709
4 14 4 2 14 246
4 15 4 2 10 15 580
4 16 4 2 16 230
4 17 4 17 126
4 18 4 11 18 290
4 19 4 2 16 19 310
4 20 4 17 20 215
5 1 5 14 1 250
5 2 5 14 2 318
5 3 5 3 356
5 4 5 14 2 4 382
5 5 0
5 6 5 8 6 486
5 7 5 8 16 7 302
5 8 5 8 142
5 9 5 8 9 342
5 10 5 8 9 10 466
5 11 5 8 16 7 11 506
5 12 5 14 1 12 418
5 13 5 8 16 13 700
5 14 5 14 136
5 15 5 8 9 10 15 751
5 16 5 8 16 215
5 17 5 8 16 7 20 17 479
5 18 5 8 16 7 11 18 566
5 19 5 14 19 216
5 20 5 8 16 7 20 390
6 1 6 9 1 443
6 2 6 9 4 2 477
6 3 6 9 4 2 3 537
6 4 6 9 4 413
6 5 6 8 5 486
6 6 0
6 7 6 8 16 7 504
6 8 6 8 344
6 9 6 9 211
6 10 6 9 10 335
6 11 6 9 4 11 643
6 12 6 9 1 12 611
6 13 6 9 10 13 749
6 14 6 9 1 14 557
6 15 6 9 10 15 620
6 16 6 8 16 417
6 17 6 9 10 20 17 538
6 18 6 18 648
6 19 6 8 16 19 497
6 20 6 9 10 20 449
7 1 7 20 1 241
7 2 7 16 2 253
7 3 7 12 3 292
7 4 7 20 17 4 303
7 5 7 16 8 5 302
7 6 7 16 8 6 504
7 7 0
7 8 7 16 8 160
7 9 7 20 10 9 326
7 10 7 20 10 202
7 11 7 11 204
7 12 7 12 181
7 13 7 13 516
7 14 7 16 19 14 247
7 15 7 20 10 15 487
7 16 7 16 87
7 17 7 20 17 177
7 18 7 11 18 264
7 19 7 16 19 167
7 20 7 20 88
8 1 8 16 19 14 1 347
8 2 8 16 2 239
8 3 8 16 2 3 299
8 4 8 16 2 4 303
8 5 8 5 142
8 6 8 6 344
8 7 8 16 7 160
8 8 0
8 9 8 9 200
8 10 8 9 10 324
8 11 8 16 7 11 364
8 12 8 16 7 12 341
8 13 8 16 13 558
8 14 8 16 19 14 233
8 15 8 9 10 15 609
8 16 8 16 73
8 17 8 16 7 20 17 337
8 18 8 16 7 11 18 424
8 19 8 16 19 153
8 20 8 16 7 20 248
9 1 9 1 232
9 2 9 4 2 266
9 3 9 4 2 3 326
9 4 9 4 202
9 5 9 8 5 342
9 6 9 6 211
9 7 9 10 20 7 326
9 8 9 8 200
9 9 0
9 10 9 10 124
9 11 9 4 11 432
9 12 9 1 12 400
9 13 9 10 13 538
9 14 9 1 14 346
9 15 9 10 15 409
9 16 9 8 16 273
9 17 9 10 20 17 327
9 18 9 4 11 18 492
9 19 9 8 16 19 353
9 20 9 10 20 238
10 1 10 20 1 267
10 2 10 2 231
10 3 10 2 3 291
10 4 10 2 4 295
10 5 10 9 8 5 466
10 6 10 9 6 335
10 7 10 20 7 202
10 8 10 9 8 324
10 9 10 9 124
10 10 0
10 11 10 20 7 11 406
10 12 10 20 7 12 383
10 13 10 13 414
10 14 10 20 1 14 381
10 15 10 15 285
10 16 10 20 7 16 289
10 17 10 20 17 203
10 18 10 20 7 11 18 466
10 19 10 20 7 16 19 369
10 20 10 20 114
11 1 11 7 20 1 445
11 2 11 4 2 294
11 3 11 4 2 3 354
11 4 11 4 230
11 5 11 7 16 8 5 506
11 6 11 4 9 6 643
11 7 11 7 204
11 8 11 7 16 8 364
11 9 11 4 9 432
11 10 11 7 20 10 406
11 11 0
11 12 11 7 12 385
11 13 11 7 13 720
11 14 11 7 16 19 14 451
11 15 11 15 359
11 16 11 7 16 291
11 17 11 4 17 356
11 18 11 18 60
11 19 11 7 16 19 371
11 20 11 7 20 292
12 1 12 1 168
12 2 12 3 2 171
12 3 12 3 111
12 4 12 3 2 4 235
12 5 12 1 14 5 418
12 6 12 1 9 6 611
12 7 12 7 181
12 8 12 7 16 8 341
12 9 12 1 9 400
12 10 12 7 20 10 383
12 11 12 7 11 385
12 12 0
12 13 12 7 13 697
12 14 12 1 14 282
12 15 12 7 20 10 15 668
12 16 12 7 16 268
12 17 12 7 20 17 358
12 18 12 7 11 18 445
12 19 12 3 19 343
12 20 12 7 20 269
13 1 13 10 20 1 681
13 2 13 10 2 645
13 3 13 10 2 3 705
13 4 13 10 2 4 709
13 5 13 16 8 5 700
13 6 13 10 9 6 749
13 7 13 7 516
13 8 13 16 8 558
13 9 13 10 9 538
13 10 13 10 414
13 11 13 7 11 720
13 12 13 7 12 697
13 13 0
13 14 13 16 19 14 645
13 15 13 10 15 699
13 16 13 16 485
13 17 13 10 20 17 617
13 18 13 7 11 18 780
13 19 13 16 19 565
13 20 13 10 20 528
14 1 14 1 114
14 2 14 2 182
14 3 14 2 3 242
14 4 14 2 4 246
14 5 14 5 136
14 6 14 1 9 6 557
14 7 14 19 16 7 247
14 8 14 19 16 8 233
14 9 14 1 9 346
14 10 14 1 20 10 381
14 11 14 19 16 7 11 451
14 12 14 1 12 282
14 13 14 19 16 13 645
14 14 0
14 15 14 1 20 10 15 666
14 16 14 19 16 160
14 17 14 1 20 17 356
14 18 14 19 16 7 11 18 511
14 19 14 19 80
14 20 14 1 20 267
15 1 15 10 20 1 552
15 2 15 10 2 516
15 3 15 10 2 3 576
15 4 15 10 2 4 580
15 5 15 10 9 8 5 751
15 6 15 10 9 6 620
15 7 15 10 20 7 487
15 8 15 10 9 8 609
15 9 15 10 9 409
15 10 15 10 285
15 11 15 11 359
15 12 15 10 20 7 12 668
15 13 15 10 13 699
15 14 15 10 20 1 14 666
15 15 0
15 16 15 10 20 7 16 574
15 17 15 10 20 17 488
15 18 15 11 18 419
15 19 15 10 20 7 16 19 654
15 20 15 10 20 399
16 1 16 19 14 1 274
16 2 16 2 166
16 3 16 2 3 226
16 4 16 2 4 230
16 5 16 8 5 215
16 6 16 8 6 417
16 7 16 7 87
16 8 16 8 73
16 9 16 8 9 273
16 10 16 7 20 10 289
16 11 16 7 11 291
16 12 16 7 12 268
16 13 16 13 485
16 14 16 19 14 160
16 15 16 7 20 10 15 574
16 16 0
16 17 16 7 20 17 264
16 18 16 7 11 18 351
16 19 16 19 80
16 20 16 7 20 175
17 1 17 20 1 242
17 2 17 4 2 190
17 3 17 4 2 3 250
17 4 17 4 126
17 5 17 20 7 16 8 5 479
17 6 17 20 10 9 6 538
17 7 17 20 7 177
17 8 17 20 7 16 8 337
17 9 17 20 10 9 327
17 10 17 20 10 203
17 11 17 4 11 356
17 12 17 20 7 12 358
17 13 17 20 10 13 617
17 14 17 20 1 14 356
17 15 17 20 10 15 488
17 16 17 20 7 16 264
17 17 0
17 18 17 4 11 18 416
17 19 17 20 7 16 19 344
17 20 17 20 89
18 1 18 11 7 20 1 505
18 2 18 11 4 2 354
18 3 18 11 4 2 3 414
18 4 18 11 4 290
18 5 18 11 7 16 8 5 566
18 6 18 6 648
18 7 18 11 7 264
18 8 18 11 7 16 8 424
18 9 18 11 4 9 492
18 10 18 11 7 20 10 466
18 11 18 11 60
18 12 18 11 7 12 445
18 13 18 11 7 13 780
18 14 18 11 7 16 19 14 511
18 15 18 11 15 419
18 16 18 11 7 16 351
18 17 18 11 4 17 416
18 18 0
18 19 18 11 7 16 19 431
18 20 18 11 7 20 352
19 1 19 14 1 194
19 2 19 16 2 246
19 3 19 3 232
19 4 19 16 2 4 310
19 5 19 14 5 216
19 6 19 16 8 6 497
19 7 19 16 7 167
19 8 19 16 8 153
19 9 19 16 8 9 353
19 10 19 16 7 20 10 369
19 11 19 16 7 11 371
19 12 19 3 12 343
19 13 19 16 13 565
19 14 19 14 80
19 15 19 16 7 20 10 15 654
19 16 19 16 80
19 17 19 16 7 20 17 344
19 18 19 16 7 11 18 431
19 19 0
19 20 19 16 7 20 255
20 1 20 1 153
20 2 20 17 4 2 279
20 3 20 17 4 2 3 339
20 4 20 17 4 215
20 5 20 7 16 8 5 390
20 6 20 10 9 6 449
20 7 20 7 88
20 8 20 7 16 8 248
20 9 20 10 9 238
20 10 20 10 114
20 11 20 7 11 292
20 12 20 7 12 269
20 13 20 10 13 528
20 14 20 1 14 267
20 15 20 10 15 399
20 16 20 7 16 175
20 17 20 17 89
20 18 20 7 11 18 352
20 19 20 7 16 19 255
20 20 0
