1 1 0
1 2 1 2 372
1 3 1 15 14 3 393
1 4 1 15 4 430
1 5 1 15 5 456
1 6 1 15 13 7 6 561
1 7 1 15 13 7 390
1 8 1 8 125
1 9 1 9 588
1 10 1 8 10 336
1 11 1 8 11 296
1 12 1 8 11 12 381
1 13 1 15 13 333
1 14 1 15 14 287
1 15 1 15 224
1 16 1 15 4 16 652
1 17 1 17 359
1 18 1 8 11 18 357
1 19 1 2 19 476
1 20 1 15 5 20 747
2 1 2 1 372
2 2 0
2 3 2 10 3 179
2 4 2 19 4 312
2 5 2 10 15 5 548
2 6 2 6 374
2 7 2 17 7 329
2 8 2 10 8 265
2 9 2 10 3 14 9 649
2 10 2 10 54
2 11 2 10 11 146
2 12 2 10 11 12 231
2 13 2 17 7 13 386
2 14 2 10 3 14 285
2 15 2 10 15 316
2 16 2 10 16 494
2 17 2 17 159
2 18 2 10 11 18 207
2 19 2 19 104
2 20 2 19 20 578
3 1 3 14 15 1 393
3 2 3 10 2 179
3 3 0
3 4 3 18 4 328
3 5 3 14 15 5 401
3 6 3 6 256
3 7 3 14 15 13 7 335
3 8 3 10 8 336
3 9 3 14 9 470
3 10 3 10 125
3 11 3 18 11 195
3 12 3 18 11 12 280
3 13 3 14 15 13 278
3 14 3 14 106
3 15 3 14 15 169
3 16 3 18 16 550
3 17 3 18 17 300
3 18 3 18 134
3 19 3 10 2 19 283
3 20 3 14 15 5 20 692
4 1 4 15 1 430
4 2 4 19 2 312
4 3 4 18 3 328
4 4 0
4 5 4 15 5 438
4 6 4 13 7 6 516
4 7 4 13 7 345
4 8 4 15 8 398
4 9 4 14 9 630
4 10 4 18 11 10 347
4 11 4 18 11 255
4 12 4 18 11 12 340
4 13 4 13 288
4 14 4 14 266
4 15 4 15 206
4 16 4 16 222
4 17 4 18 17 360
4 18 4 18 194
4 19 4 19 208
4 20 4 19 20 682
5 1 5 15 1 456
5 2 5 15 10 2 548
5 3 5 15 14 3 401
5 4 5 15 4 438
5 5 0
5 6 5 15 13 7 6 569
5 7 5 15 13 7 398
5 8 5 15 8 424
5 9 5 15 14 9 659
5 10 5 15 10 494
5 11 5 15 14 18 11 494
5 12 5 12 430
5 13 5 15 13 341
5 14 5 15 14 295
5 15 5 15 232
5 16 5 15 4 16 660
5 17 5 15 13 7 17 568
5 18 5 15 14 18 433
5 19 5 15 14 18 19 643
5 20 5 20 291
6 1 6 7 13 15 1 561
6 2 6 2 374
6 3 6 3 256
6 4 6 7 13 4 516
6 5 6 7 13 15 5 569
6 6 0
6 7 6 7 171
6 8 6 8 507
6 9 6 9 612
6 10 6 3 10 381
6 11 6 3 18 11 451
6 12 6 3 18 11 12 536
6 13 6 7 13 228
6 14 6 3 14 362
6 15 6 7 13 15 337
6 16 6 16 632
6 17 6 7 17 341
6 18 6 3 18 390
6 19 6 2 19 478
6 20 6 7 17 20 845
7 1 7 13 15 1 390
7 2 7 17 2 329
7 3 7 13 15 14 3 335
7 4 7 13 4 345
7 5 7 13 15 5 398
7 6 7 6 171
7 7 0
7 8 7 13 15 8 358
7 9 7 13 15 14 9 593
7 10 7 17 2 10 383
7 11 7 17 18 11 397
7 12 7 17 18 11 12 482
7 13 7 13 57
7 14 7 13 15 14 229
7 15 7 13 15 166
7 16 7 13 16 479
7 17 7 17 170
7 18 7 17 18 336
7 19 7 17 2 19 433
7 20 7 17 20 674
8 1 8 1 125
8 2 8 10 2 265
8 3 8 10 3 336
8 4 8 15 4 398
8 5 8 15 5 424
8 6 8 6 507
8 7 8 15 13 7 358
8 8 0
8 9 8 9 514
8 10 8 10 211
8 11 8 11 171
8 12 8 11 12 256
8 13 8 15 13 301
8 14 8 15 14 255
8 15 8 15 192
8 16 8 15 4 16 620
8 17 8 11 18 17 398
8 18 8 11 18 232
8 19 8 10 2 19 369
8 20 8 15 5 20 715
9 1 9 1 588
9 2 9 14 3 10 2 649
9 3 9 14 3 470
9 4 9 14 4 630
9 5 9 14 15 5 659
9 6 9 6 612
9 7 9 14 15 13 7 593
9 8 9 8 514
9 9 0
9 10 9 14 3 10 595
9 11 9 14 18 11 563
9 12 9 14 18 11 12 648
9 13 9 14 15 13 536
9 14 9 14 364
9 15 9 14 15 427
9 16 9 14 4 16 852
9 17 9 14 18 17 668
9 18 9 14 18 502
9 19 9 14 18 19 712
9 20 9 14 15 5 20 950
10 1 10 8 1 336
10 2 10 2 54
10 3 10 3 125
10 4 10 11 18 4 347
10 5 10 15 5 494
10 6 10 3 6 381
10 7 10 2 17 7 383
10 8 10 8 211
10 9 10 3 14 9 595
10 10 0
10 11 10 11 92
10 12 10 11 12 177
10 13 10 15 13 371
10 14 10 3 14 231
10 15 10 15 262
10 16 10 16 440
10 17 10 2 17 213
10 18 10 11 18 153
10 19 10 2 19 158
10 20 10 2 19 20 632
11 1 11 8 1 296
11 2 11 10 2 146
11 3 11 18 3 195
11 4 11 18 4 255
11 5 11 18 14 15 5 494
11 6 11 18 3 6 451
11 7 11 18 17 7 397
11 8 11 8 171
11 9 11 18 14 9 563
11 10 11 10 92
11 11 0
11 12 11 12 85
11 13 11 18 14 15 13 371
11 14 11 18 14 199
11 15 11 18 14 15 262
11 16 11 18 16 477
11 17 11 18 17 227
11 18 11 18 61
11 19 11 10 2 19 250
11 20 11 10 2 19 20 724
12 1 12 11 8 1 381
12 2 12 11 10 2 231
12 3 12 11 18 3 280
12 4 12 11 18 4 340
12 5 12 5 430
12 6 12 11 18 3 6 536
12 7 12 11 18 17 7 482
12 8 12 11 8 256
12 9 12 11 18 14 9 648
12 10 12 11 10 177
12 11 12 11 85
12 12 0
12 13 12 11 18 14 15 13 456
12 14 12 11 18 14 284
12 15 12 11 18 14 15 347
12 16 12 11 18 16 562
12 17 12 11 18 17 312
12 18 12 11 18 146
12 19 12 11 10 2 19 335
12 20 12 5 20 721
13 1 13 15 1 333
13 2 13 7 17 2 386
13 3 13 15 14 3 278
13 4 13 4 288
13 5 13 15 5 341
13 6 13 7 6 228
13 7 13 7 57
13 8 13 15 8 301
13 9 13 15 14 9 536
13 10 13 15 10 371
13 11 13 15 14 18 11 371
13 12 13 15 14 18 11 12 456
13 13 0
13 14 13 15 14 172
13 15 13 15 109
13 16 13 16 422
13 17 13 7 17 227
13 18 13 15 14 18 310
13 19 13 7 17 2 19 490
13 20 13 15 5 20 632
14 1 14 15 1 287
14 2 14 3 10 2 285
14 3 14 3 106
14 4 14 4 266
14 5 14 15 5 295
14 6 14 3 6 362
14 7 14 15 13 7 229
14 8 14 15 8 255
14 9 14 9 364
14 10 14 3 10 231
14 11 14 18 11 199
14 12 14 18 11 12 284
14 13 14 15 13 172
14 14 0
14 15 14 15 63
14 16 14 4 16 488
14 17 14 18 17 304
14 18 14 18 138
14 19 14 18 19 348
14 20 14 15 5 20 586
15 1 15 1 224
15 2 15 10 2 316
15 3 15 14 3 169
15 4 15 4 206
15 5 15 5 232
15 6 15 13 7 6 337
15 7 15 13 7 166
15 8 15 8 192
15 9 15 14 9 427
15 10 15 10 262
15 11 15 14 18 11 262
15 12 15 14 18 11 12 347
15 13 15 13 109
15 14 15 14 63
15 15 0
15 16 15 4 16 428
15 17 15 13 7 17 336
15 18 15 14 18 201
15 19 15 14 18 19 411
15 20 15 5 20 523
16 1 16 4 15 1 652
16 2 16 10 2 494
16 3 16 18 3 550
16 4 16 4 222
16 5 16 4 15 5 660
16 6 16 6 632
16 7 16 13 7 479
16 8 16 4 15 8 620
16 9 16 4 14 9 852
16 10 16 10 440
16 11 16 18 11 477
16 12 16 18 11 12 562
16 13 16 13 422
16 14 16 4 14 488
16 15 16 4 15 428
16 16 0
16 17 16 18 17 582
16 18 16 18 416
16 19 16 4 19 430
16 20 16 20 844
17 1 17 1 359
17 2 17 2 159
17 3 17 18 3 300
17 4 17 18 4 360
17 5 17 7 13 15 5 568
17 6 17 7 6 341
17 7 17 7 170
17 8 17 18 11 8 398
17 9 17 18 14 9 668
17 10 17 2 10 213
17 11 17 18 11 227
17 12 17 18 11 12 312
17 13 17 7 13 227
17 14 17 18 14 304
17 15 17 7 13 15 336
17 16 17 18 16 582
17 17 0
17 18 17 18 166
17 19 17 2 19 263
17 20 17 20 504
18 1 18 11 8 1 357
18 2 18 11 10 2 207
18 3 18 3 134
18 4 18 4 194
18 5 18 14 15 5 433
18 6 18 3 6 390
18 7 18 17 7 336
18 8 18 11 8 232
18 9 18 14 9 502
18 10 18 11 10 153
18 11 18 11 61
18 12 18 11 12 146
18 13 18 14 15 13 310
18 14 18 14 138
18 15 18 14 15 201
18 16 18 16 416
18 17 18 17 166
18 18 0
18 19 18 19 210
18 20 18 17 20 670
19 1 19 2 1 476
19 2 19 2 104
19 3 19 2 10 3 283
19 4 19 4 208
19 5 19 18 14 15 5 643
19 6 19 2 6 478
19 7 19 2 17 7 433
19 8 19 2 10 8 369
19 9 19 18 14 9 712
19 10 19 2 10 158
19 11 19 2 10 11 250
19 12 19 2 10 11 12 335
19 13 19 2 17 7 13 490
19 14 19 18 14 348
19 15 19 18 14 15 411
19 16 19 4 16 430
19 17 19 2 17 263
19 18 19 18 210
19 19 0
19 20 19 20 474
20 1 20 5 15 1 747
20 2 20 19 2 578
20 3 20 5 15 14 3 692
20 4 20 19 4 682
20 5 20 5 291
20 6 20 17 7 6 845
20 7 20 17 7 674
20 8 20 5 15 8 715
20 9 20 5 15 14 9 950
20 10 20 19 2 10 632
20 11 20 19 2 10 11 724
20 12 20 5 12 721
20 13 20 5 15 13 632
20 14 20 5 15 14 586
20 15 20 5 15 523
20 16 20 16 844
20 17 20 17 504
20 18 20 17 18 670
20 19 20 19 474
20 20 0
