1 1 0
1 2 1 18 14 2 243
1 3 1 18 3 265
1 4 1 18 14 2 4 317
1 5 1 15 6 5 304
1 6 1 15 6 156
1 7 1 15 11 19 7 406
1 8 1 18 14 8 175
1 9 1 15 9 328
1 10 1 18 10 300
1 11 1 15 11 197
1 12 1 15 12 165
1 13 1 13 312
1 14 1 18 14 117
1 15 1 15 85
1 16 1 16 136
1 17 1 16 17 219
1 18 1 18 56
1 19 1 15 11 19 262
1 20 1 15 6 20 251
2 1 2 14 18 1 243
2 2 0
2 3 2 14 18 3 396
2 4 2 4 74
2 5 2 5 160
2 6 2 5 6 308
2 7 2 4 11 19 7 434
2 8 2 14 8 184
2 9 2 4 9 475
2 10 2 14 10 328
2 11 2 4 11 225
2 12 2 14 8 12 291
2 13 2 4 13 282
2 14 2 14 126
2 15 2 14 8 15 308
2 16 2 14 18 1 16 379
2 17 2 17 386
2 18 2 14 18 187
2 19 2 4 11 19 290
2 20 2 5 6 20 403
3 1 3 18 1 265
3 2 3 18 14 2 396
3 3 0
3 4 3 20 6 4 451
3 5 3 20 6 5 330
3 6 3 20 6 182
3 7 3 19 7 429
3 8 3 18 14 8 328
3 9 3 20 6 15 9 496
3 10 3 18 10 453
3 11 3 19 11 350
3 12 3 20 6 12 266
3 13 3 17 13 478
3 14 3 18 14 270
3 15 3 20 6 15 253
3 16 3 17 16 290
3 17 3 17 207
3 18 3 18 209
3 19 3 19 285
3 20 3 20 87
4 1 4 2 14 18 1 317
4 2 4 2 74
4 3 4 6 20 3 451
4 4 0
4 5 4 2 5 234
4 6 4 6 269
4 7 4 11 19 7 360
4 8 4 8 159
4 9 4 9 401
4 10 4 10 289
4 11 4 11 151
4 12 4 8 12 266
4 13 4 13 208
4 14 4 2 14 200
4 15 4 11 15 263
4 16 4 11 15 16 375
4 17 4 8 17 392
4 18 4 2 14 18 261
4 19 4 11 19 216
4 20 4 6 20 364
5 1 5 6 15 1 304
5 2 5 2 160
5 3 5 6 20 3 330
5 4 5 2 4 234
5 5 0
5 6 5 6 148
5 7 5 11 19 7 337
5 8 5 6 12 8 339
5 9 5 6 15 9 462
5 10 5 2 14 10 488
5 11 5 11 128
5 12 5 6 12 232
5 13 5 2 4 13 442
5 14 5 2 14 286
5 15 5 6 15 219
5 16 5 6 15 16 331
5 17 5 6 15 16 17 414
5 18 5 2 14 18 347
5 19 5 11 19 193
5 20 5 6 20 243
6 1 6 15 1 156
6 2 6 5 2 308
6 3 6 20 3 182
6 4 6 4 269
6 5 6 5 148
6 6 0
6 7 6 19 7 281
6 8 6 12 8 191
6 9 6 15 9 314
6 10 6 12 10 434
6 11 6 15 11 183
6 12 6 12 84
6 13 6 15 16 13 399
6 14 6 12 8 14 249
6 15 6 15 71
6 16 6 15 16 183
6 17 6 15 16 17 266
6 18 6 15 1 18 212
6 19 6 19 137
6 20 6 20 95
7 1 7 19 11 15 1 406
7 2 7 19 11 4 2 434
7 3 7 19 3 429
7 4 7 19 11 4 360
7 5 7 19 11 5 337
7 6 7 19 6 281
7 7 0
7 8 7 19 11 15 8 445
7 9 7 19 11 15 9 564
7 10 7 19 11 4 10 649
7 11 7 19 11 209
7 12 7 19 6 12 365
7 13 7 19 11 13 564
7 14 7 18 14 493
7 15 7 19 11 15 321
7 16 7 19 11 15 16 433
7 17 7 19 17 448
7 18 7 18 432
7 19 7 19 144
7 20 7 19 6 20 376
8 1 8 14 18 1 175
8 2 8 14 2 184
8 3 8 14 18 3 328
8 4 8 4 159
8 5 8 12 6 5 339
8 6 8 12 6 191
8 7 8 15 11 19 7 445
8 8 0
8 9 8 15 9 367
8 10 8 14 10 260
8 11 8 15 11 236
8 12 8 12 107
8 13 8 13 314
8 14 8 14 58
8 15 8 15 124
8 16 8 15 16 236
8 17 8 17 233
8 18 8 14 18 119
8 19 8 15 11 19 301
8 20 8 12 6 20 286
9 1 9 15 1 328
9 2 9 4 2 475
9 3 9 15 6 20 3 496
9 4 9 4 401
9 5 9 15 6 5 462
9 6 9 15 6 314
9 7 9 15 11 19 7 564
9 8 9 15 8 367
9 9 0
9 10 9 10 244
9 11 9 15 11 355
9 12 9 15 12 323
9 13 9 13 463
9 14 9 18 14 381
9 15 9 15 243
9 16 9 15 16 355
9 17 9 15 16 17 438
9 18 9 18 320
9 19 9 15 11 19 420
9 20 9 15 6 20 409
10 1 10 18 1 300
10 2 10 14 2 328
10 3 10 18 3 453
10 4 10 4 289
10 5 10 14 2 5 488
10 6 10 12 6 434
10 7 10 4 11 19 7 649
10 8 10 14 8 260
10 9 10 9 244
10 10 0
10 11 10 4 11 440
10 12 10 12 350
10 13 10 4 13 497
10 14 10 14 202
10 15 10 14 8 15 384
10 16 10 16 332
10 17 10 16 17 415
10 18 10 18 244
10 19 10 4 11 19 505
10 20 10 12 6 20 529
11 1 11 15 1 197
11 2 11 4 2 225
11 3 11 19 3 350
11 4 11 4 151
11 5 11 5 128
11 6 11 15 6 183
11 7 11 19 7 209
11 8 11 15 8 236
11 9 11 15 9 355
11 10 11 4 10 440
11 11 0
11 12 11 15 12 192
11 13 11 13 355
11 14 11 15 8 14 294
11 15 11 15 112
11 16 11 15 16 224
11 17 11 15 16 17 307
11 18 11 15 1 18 253
11 19 11 19 65
11 20 11 15 6 20 278
12 1 12 15 1 165
12 2 12 8 14 2 291
12 3 12 6 20 3 266
12 4 12 8 4 266
12 5 12 6 5 232
12 6 12 6 84
12 7 12 6 19 7 365
12 8 12 8 107
12 9 12 15 9 323
12 10 12 10 350
12 11 12 15 11 192
12 12 0
12 13 12 15 16 13 408
12 14 12 8 14 165
12 15 12 15 80
12 16 12 15 16 192
12 17 12 15 16 17 275
12 18 12 15 1 18 221
12 19 12 6 19 221
12 20 12 6 20 179
13 1 13 1 312
13 2 13 4 2 282
13 3 13 17 3 478
13 4 13 4 208
13 5 13 4 2 5 442
13 6 13 16 15 6 399
13 7 13 11 19 7 564
13 8 13 8 314
13 9 13 9 463
13 10 13 4 10 497
13 11 13 11 355
13 12 13 16 15 12 408
13 13 0
13 14 13 8 14 372
13 15 13 16 15 328
13 16 13 16 216
13 17 13 17 271
13 18 13 1 18 368
13 19 13 11 19 420
13 20 13 16 15 6 20 494
14 1 14 18 1 117
14 2 14 2 126
14 3 14 18 3 270
14 4 14 2 4 200
14 5 14 2 5 286
14 6 14 8 12 6 249
14 7 14 18 7 493
14 8 14 8 58
14 9 14 18 9 381
14 10 14 10 202
14 11 14 8 15 11 294
14 12 14 8 12 165
14 13 14 8 13 372
14 14 0
14 15 14 8 15 182
14 16 14 18 1 16 253
14 17 14 8 17 291
14 18 14 18 61
14 19 14 8 15 11 19 359
14 20 14 8 12 6 20 344
15 1 15 1 85
15 2 15 8 14 2 308
15 3 15 6 20 3 253
15 4 15 11 4 263
15 5 15 6 5 219
15 6 15 6 71
15 7 15 11 19 7 321
15 8 15 8 124
15 9 15 9 243
15 10 15 8 14 10 384
15 11 15 11 112
15 12 15 12 80
15 13 15 16 13 328
15 14 15 8 14 182
15 15 0
15 16 15 16 112
15 17 15 16 17 195
15 18 15 1 18 141
15 19 15 11 19 177
15 20 15 6 20 166
16 1 16 1 136
16 2 16 1 18 14 2 379
16 3 16 17 3 290
16 4 16 15 11 4 375
16 5 16 15 6 5 331
16 6 16 15 6 183
16 7 16 15 11 19 7 433
16 8 16 15 8 236
16 9 16 15 9 355
16 10 16 10 332
16 11 16 15 11 224
16 12 16 15 12 192
16 13 16 13 216
16 14 16 1 18 14 253
16 15 16 15 112
16 16 0
16 17 16 17 83
16 18 16 1 18 192
16 19 16 15 11 19 289
16 20 16 15 6 20 278
17 1 17 16 1 219
17 2 17 2 386
17 3 17 3 207
17 4 17 8 4 392
17 5 17 16 15 6 5 414
17 6 17 16 15 6 266
17 7 17 19 7 448
17 8 17 8 233
17 9 17 16 15 9 438
17 10 17 16 10 415
17 11 17 16 15 11 307
17 12 17 16 15 12 275
17 13 17 13 271
17 14 17 8 14 291
17 15 17 16 15 195
17 16 17 16 83
17 17 0
17 18 17 16 1 18 275
17 19 17 19 304
17 20 17 20 284
18 1 18 1 56
18 2 18 14 2 187
18 3 18 3 209
18 4 18 14 2 4 261
18 5 18 14 2 5 347
18 6 18 1 15 6 212
18 7 18 7 432
18 8 18 14 8 119
18 9 18 9 320
18 10 18 10 244
18 11 18 1 15 11 253
18 12 18 1 15 12 221
18 13 18 1 13 368
18 14 18 14 61
18 15 18 1 15 141
18 16 18 1 16 192
18 17 18 1 16 17 275
18 18 0
18 19 18 1 15 11 19 318
18 20 18 3 20 296
19 1 19 11 15 1 262
19 2 19 11 4 2 290
19 3 19 3 285
19 4 19 11 4 216
19 5 19 11 5 193
19 6 19 6 137
19 7 19 7 144
19 8 19 11 15 8 301
19 9 19 11 15 9 420
19 10 19 11 4 10 505
19 11 19 11 65
19 12 19 6 12 221
19 13 19 11 13 420
19 14 19 11 15 8 14 359
19 15 19 11 15 177
19 16 19 11 15 16 289
19 17 19 17 304
19 18 19 11 15 1 18 318
19 19 0
19 20 19 6 20 232
20 1 20 6 15 1 251
20 2 20 6 5 2 403
20 3 20 3 87
20 4 20 6 4 364
20 5 20 6 5 243
20 6 20 6 95
20 7 20 6 19 7 376
20 8 20 6 12 8 286
20 9 20 6 15 9 409
20 10 20 6 12 10 529
20 11 20 6 15 11 278
20 12 20 6 12 179
20 13 20 6 15 16 13 494
20 14 20 6 12 8 14 344
20 15 20 6 15 166
20 16 20 6 15 16 278
20 17 20 17 284
20 18 20 3 18 296
20 19 20 6 19 232
20 20 0
