3
Mon 3 S208 计组 沙河 0002 2
Mon 4 S208 计组 沙河 0002 2
Mon 5 S208 计组 沙河 0002 2
易秋萍 2008211002
QQ6524315
17
18 Saturday 8 10 11 10 西土城 N203
1
<<computer_architecture_principe>>
6
50 ALU 011   
19 CPU   012
49 data_bus 013
100 cache 014
20 rom 015
1 ram 016
4
p89t6,p12t3,p9t7
second_hw
division_compute_exercises
cache_exercises
10
2020211591 100 98 98 99
2020211590 97 98 99 100
2020211589 100 20 30 60
2020211588 50 10 20 60
2020211587 30 20 18 70
2020211586 92 29 28 71
2020211585 19 17 16 28
2020211584 88 22 44 66
2020211583 25 52 36 63
2020211582 89 87 88 86






