毛概
3
Mon 3 2号楼208 毛概 沙河 0004 2
Mon 4 2号楼208 毛概 沙河 0004 2
Mon 5 2号楼208 毛概 沙河 0004 2
易秋萍 2008211002
QQ6524315
17
18 Saturday 8 10 11 10 西土城 5号楼203 
1
<<computer_architecture_principe>> 
6
50 ALU 011 0
50 0 50 0
50 0 50 0
50 0 17 5 5 5 5 5 5
5 5 5 5 5 5 5 5 5
5 简单 1 0
21
5 5 5 5 5 5 5
5 5 5 5 5 5 5
5 5 5 5 5 5 5
5 5 5 5 5 5 5
5 5 5 5 5 5 5
5 5 5 5 5 5 5
5 5 5 5 5 5 5
5 5 5 5 5 5 5
5 5 5 5 5 5 5
5 5 5 5 5 5 5
5 5 5 5 5 5 5
5 5 5 5 5 5 5
5 5 5 5 5 5 5
5 5 5 5 5 5 5
5 5 5 5 第二次作业 1 第二次作业
34 5 第二次作业 第二次作业 第二次作业 第二次作业 第二次作业
5 0
0 0
除法 2 除 法
34 2 法 法
减法 2 法 减
34


































